FINES VERSUUM NONssHOMERIOE. XXV

‘FmEs Vmsm NON-HoMssmoL

Ι. Hmws IN Vssmm:
37, 66, 80, 84,123, 154, 194,198, 201, 204, 224, 258,
263, 276, 293.

Π. Hmuus IN APOLMNEM Pmmtm:

15, 19, 23, 24, 32, 33, 39, 53, 55, 64, 91, 95, 103, 118,
122, 189, 195, 198, 201, 215, 226, 240 (ἑκοῦσα, Baumeist.).
247, 265, 293, 306, 313, 331, 337, 354.

III. Hmnns IN Apomm DELIUM:

16, 17, 20, 32, 37, 54, 62, 64, 73, 75, 91, 93, 103, 157,
158, 162, 171.

IV. Hmms IN ommam:

9,17, 23, 27, 3147, 50, 54, 64 (εἴ ποτε δή σευ). 66109,
130 (μή με). 142,152,153, 154, 156, 158, 161, 165184,
192, 194, 205, 209, 211, 212, 219, 225, 228, 229, 230, 234,
239, 243, 255, 272, 275, 280, 284, 287, 298, 301, 317, 319,
332, 344, 360, 371, 374, 404, 418, 419, 420, 421, 425, 430,
431, 437, 442, 477.

V. Hymnus 111 MERcUmuM:

-3, 13, 17, 19, 21, 23, 30, 32, 37, 40, 42, 44, 45, 47, 48,
52, 57, 63, 68, 83, 86, 98, 103, 111, 112, 134159, 160, 168,
170, 183, 192, 210, 231, 245, 278, 296, 305, 308, 313, 320,
336, 369, 371, 372, 384, 385, 388, 399, 401, 415, 423, 425,
427, 433, 447, 450, 452, 455, 457, 475, 480, 488, 510, 555, 573.

 

